0   6002   -1220
0.000125   5301   -1980
0.00025   3931   -3244
0.000375   3170   -3872
0.0005   2610   -4455
0.000625   1730   -5293
0.00075   1803   -5643
0.000875   1244   -6180
0.001   524   -6680
0.001125   -66   -7288
0.00125   -351   -7493
0.001375   -878   -7787
0.0015   -1431   -8245
0.001625   -1162   -8033
0.00175   -1509   -8250
0.001875   -1515   -8460
0.002   -997   -8309
0.002125   -1030   -8005
0.00225   -909   -7871
0.002375   -917   -7575
0.0025   -279   -6889
0.002625   -151   -6712
0.00275   -293   -6753
0.002875   807   -5687
0.003   1039   -5161
0.003125   634   -5093
0.00325   1175   -4545
0.003375   1393   -3927
0.0035   1607   -3120
0.003625   1347   -3036
0.00375   1836   -2424
0.003875   2452   -1771
0.004   1954   -1882
0.004125   2370   -1198
0.00425   2482   -279
0.004375   2611   -77
0.0045   2620   430
0.004625   2522   437
0.00475   2504   771
0.004875   2252   859
0.005   2256   1398
0.005125   2275   1826
0.00525   2335   1885
0.005375   2472   2460
0.0055   2495   2251
0.005625   2150   2561
0.00575   2280   2757
0.005875   1769   3159
0.006   1276   2565
0.006125   1552   2492
0.00625   877   1906
0.006375   396   1488
0.0065   232   1277
0.006625   456   1182
0.00675   113   1285
0.006875   -159   506
0.007   561   316
0.007125   373   37
0.00725   543   -156
0.007375   616   -805
0.0075   909   -949
0.007625   1267   -1379
0.00775   948   -1581
0.007875   1657   -1540
0.008   2365   -751
0.008125   2497   -767
0.00825   2906   -161
0.008375   3772   212
0.0085   3877   48
0.008625   3985   338
0.00875   3955   -163
0.008875   3910   26
0.009   3454   -454
0.009125   3073   -483
0.00925   3077   -914
0.009375   2269   -1377
0.0095   1915   -1653
0.009625   1562   -1805
0.00975   481   -2537
0.009875   52   -3124
0.01   -371   -3735
0.010125   -1625   -4484
0.01025   -2118   -4909
0.010375   -2535   -5247
0.0105   -2769   -5268
0.010625   -3405   -5914
0.01075   -3538   -6059
0.010875   -2918   -5887
0.011   -3545   -5962
0.011125   -3566   -6115
0.01125   -3182   -5884
0.011375   -3492   -6009
0.0115   -3501   -6082
0.011625   -2813   -5970
0.01175   -2136   -5277
0.011875   -2505   -4963
0.012   -2261   -4926
0.012125   -1880   -4453
0.01225   -2260   -4436
0.012375   -1978   -3784
0.0125   -1649   -3435
0.012625   -1493   -2803
0.01275   -617   -2199
0.012875   -551   -1966
0.013   -166   -925
0.013125   533   -289
0.01325   418   468
0.013375   756   1669
0.0135   1033   2015
0.013625   1050   2723
0.01375   1037   3275
0.013875   831   3703
0.014   1777   4646
0.014125   1947   4550
0.01425   1551   5129
0.014375   2396   5321
0.0145   2156   5469
0.014625   2737   5736
0.01475   1701   5513
0.014875   1449   5743
0.015   1789   5304
0.015125   743   5415
0.01525   1468   5274
0.015375   992   5034
0.0155   1120   5481
0.015625   648   5218
0.01575   -454   4757
0.015875   49   4639
0.016   -1292   4245
0.016125   -1313   4277
0.01625   -1993   3706
0.016375   -2514   3815
0.0165   -2435   3475
0.016625   -3608   2467
0.01675   -2665   2946
0.016875   -3460   2592
0.017   -4002   2754
0.017125   -3864   2576
0.01725   -4613   2091
0.017375   -4345   2180
0.0175   -4438   1541
0.017625   -3927   1512
0.01775   -3410   1687
0.017875   -3358   1491
0.018   -2498   1706
0.018125   -2736   1790
0.01825   -1608   2378
0.018375   -1369   2765
0.0185   -1138   3028
0.018625   -511   3410
0.01875   -592   3391
0.018875   186   3499
0.019   -443   3267
0.019125   -104   3153
0.01925   -177   2969
0.019375   -636   2599
0.0195   -764   2299
0.019625   -615   2003
0.01975   -1272   1735
0.019875   -1960   1369
0.02   -2515   719
0.020125   -2501   525
0.02025   -3194   -155
0.020375   -4112   -628
0.0205   -3353   -694
0.020625   -4213   -829
0.02075   -3914   -764
0.020875   -3866   -1150
0.021   -3493   -1245
0.021125   -3046   -913
0.02125   -3638   -1376
0.021375   -2432   -1226
0.0215   -1806   -827
0.021625   -1724   -1244
0.02175   -932   -555
0.021875   -546   -767
0.022   269   298
0.022125   1045   321
0.02225   1029   96
0.022375   2681   1333
0.0225   2723   758
0.022625   3452   1432
0.02275   4650   1628
0.022875   4982   2109
0.023   5986   2686
0.023125   5689   2400
0.02325   6609   2793
0.023375   6533   2728
0.0235   6281   2550
0.023625   7010   2943
0.02375   7038   3011
0.023875   7240   3415
0.024   7456   3330
0.024125   7498   3416
0.02425   7705   3784
0.024375   7387   3533
0.0245   7004   3361
0.024625   6746   3031
0.02475   6360   3014
0.024875   5948   2392
0.025   5210   2100
0.025125   5173   2472
0.02525   4394   2264
0.025375   3187   1718
0.0255   3491   2009
0.025625   2148   1347
0.02575   1681   1066
0.025875   897   362
0.026   -352   -31
0.026125   -173   -133
0.02625   -1836   -1302
0.026375   -1143   -1213
0.0265   -2131   -1740
0.026625   -2397   -2024
0.02675   -2013   -2429
0.026875   -3244   -2893
0.027   -2396   -2891
0.027125   -3435   -3227
0.02725   -3154   -3868
0.027375   -3137   -3719
0.0275   -3064   -4054
0.027625   -2436   -3807
0.02775   -2889   -3705
0.027875   -2056   -3846
0.028   -1704   -2831
0.028125   -1951   -2689
0.02825   -1137   -1866
0.028375   -1066   -1286
0.0285   -291   -686
0.028625   87   -375
0.02875   2   -332
0.028875   1068   248
0.029   584   813
0.029125   809   591
0.02925   952   832
0.029375   850   849
0.0295   576   474
0.029625   196   58
0.02975   215   -269
0.029875   -28   26
0.03   -1111   -1694
0.030125   -749   -1926
0.03025   -1031   -2333
0.030375   -1712   -2853
0.0305   -1984   -3342
0.030625   -2132   -3330
0.03075   -2510   -3391
0.030875   -3474   -4346
0.031   -3132   -4108
0.031125   -3515   -4038
0.03125   -13108   -13108
0.031375   -13108   -13108
0.0315   -13108   -13108
0.031625   -13108   -13108
0.03175   -13108   -13108
0.031875   -13108   -13108
0.032   -13108   -13108
0.032125   -13108   -13108
0.03225   -13108   -13108
0.032375   -13108   -13108
0.0325   -13108   -13108
0.032625   -13108   -13108
0.03275   -13108   -13108
0.032875   -13108   -13108
0.033   -13108   -13108
0.033125   -13108   -13108
0.03325   -13108   -13108
0.033375   -13108   -13108
0.0335   -13108   -13108
0.033625   -13108   -13108
0.03375   -13108   -13108
0.033875   -13108   -13108
0.034   -13108   -13108
0.034125   -13108   -13108
0.03425   -13108   -13108
0.034375   -13108   -13108
0.0345   -13108   -13108
0.034625   -13108   -13108
0.03475   -13108   -13108
0.034875   -13108   -13108
0.035   -13108   -13108
0.035125   -13108   -13108
0.03525   -13108   -13108
0.035375   -13108   -13108
0.0355   -13108   -13108
0.035625   -13108   -13108
0.03575   -13108   -13108
0.035875   -13108   -13108
0.036   -13108   -13108
0.036125   -13108   -13108
0.03625   -13108   -13108
0.036375   -13108   -13108
0.0365   -13108   -13108
0.036625   -13108   -13108
0.03675   -13108   -13108
0.036875   -13108   -13108
0.037   -13108   -13108
0.037125   -13108   -13108
0.03725   -13108   -13108
0.037375   -13108   -13108
0.0375   -13108   -13108
0.037625   -13108   -13108
0.03775   -13108   -13108
0.037875   -13108   -13108
0.038   -13108   -13108
0.038125   -13108   -13108
0.03825   -13108   -13108
0.038375   -13108   -13108
0.0385   -13108   -13108
0.038625   -13108   -13108
0.03875   -13108   -13108
0.038875   -13108   -13108
0.039   -13108   -13108
0.039125   -13108   -13108
0.03925   -13108   -13108
0.039375   -13108   -13108
0.0395   -13108   -13108
0.039625   -13108   -13108
0.03975   -13108   -13108
0.039875   -13108   -13108
0.04   -13108   -13108
0.040125   -13108   -13108
0.04025   -13108   -13108
0.040375   -13108   -13108
0.0405   -13108   -13108
0.040625   -13108   -13108
0.04075   -13108   -13108
0.040875   -13108   -13108
0.041   -13108   -13108
0.041125   -13108   -13108
0.04125   -13108   -13108
0.041375   -13108   -13108
0.0415   -13108   -13108
0.041625   -13108   -13108
0.04175   -13108   -13108
0.041875   -13108   -13108
0.042   -13108   -13108
0.042125   -13108   -13108
0.04225   -13108   -13108
0.042375   -13108   -13108
0.0425   -13108   -13108
0.042625   -13108   -13108
0.04275   -13108   -13108
0.042875   -13108   -13108
0.043   -13108   -13108
0.043125   -13108   -13108
0.04325   -13108   -13108
0.043375   -13108   -13108
0.0435   -13108   -13108
0.043625   -13108   -13108
0.04375   -13108   -13108
0.043875   -13108   -13108
0.044   -13108   -13108
0.044125   -13108   -13108
0.04425   -13108   -13108
0.044375   -13108   -13108
0.0445   -13108   -13108
0.044625   -13108   -13108
0.04475   -13108   -13108
0.044875   -13108   -13108
0.045   -13108   -13108
0.045125   -13108   -13108
0.04525   -13108   -13108
0.045375   -13108   -13108
0.0455   -13108   -13108
0.045625   -13108   -13108
0.04575   -13108   -13108
0.045875   -13108   -13108
0.046   -13108   -13108
0.046125   -13108   -13108
0.04625   -13108   -13108
0.046375   -13108   -13108
0.0465   -13108   -13108
0.046625   -13108   -13108
0.04675   -13108   -13108
0.046875   -13108   -13108
0.047   -13108   -13108
0.047125   -13108   -13108
0.04725   -13108   -13108
0.047375   -13108   -13108
0.0475   -13108   -13108
0.047625   -13108   -13108
0.04775   -13108   -13108
0.047875   -13108   -13108
0.048   -13108   -13108
0.048125   -13108   -13108
0.04825   -13108   -13108
0.048375   -13108   -13108
0.0485   -13108   -13108
0.048625   -13108   -13108
0.04875   -13108   -13108
0.048875   -13108   -13108
0.049   -13108   -13108
0.049125   -13108   -13108
0.04925   -13108   -13108
0.049375   -13108   -13108
0.0495   -13108   -13108
0.049625   -13108   -13108
0.04975   -13108   -13108
0.049875   -13108   -13108
0.05   -13108   -13108
0.050125   -13108   -13108
0.05025   -13108   -13108
0.050375   -13108   -13108
0.0505   -13108   -13108
0.050625   -13108   -13108
0.05075   -13108   -13108
0.050875   -13108   -13108
0.051   -13108   -13108
0.051125   -13108   -13108
0.05125   -13108   -13108
0.051375   -13108   -13108
0.0515   -13108   -13108
0.051625   -13108   -13108
0.05175   -13108   -13108
0.051875   -13108   -13108
0.052   -13108   -13108
0.052125   -13108   -13108
0.05225   -13108   -13108
0.052375   -13108   -13108
0.0525   -13108   -13108
0.052625   -13108   -13108
0.05275   -13108   -13108
0.052875   -13108   -13108
0.053   -13108   -13108
0.053125   -13108   -13108
0.05325   -13108   -13108
0.053375   -13108   -13108
0.0535   -13108   -13108
0.053625   -13108   -13108
0.05375   -13108   -13108
0.053875   -13108   -13108
0.054   -13108   -13108
0.054125   -13108   -13108
0.05425   -13108   -13108
0.054375   -13108   -13108
0.0545   -13108   -13108
0.054625   -13108   -13108
0.05475   -13108   -13108
0.054875   -13108   -13108
0.055   -13108   -13108
0.055125   -13108   -13108
0.05525   -13108   -13108
0.055375   -13108   -13108
0.0555   -13108   -13108
0.055625   -13108   -13108
0.05575   -13108   -13108
0.055875   -13108   -13108
0.056   -13108   -13108
0.056125   -13108   -13108
0.05625   -13108   -13108
0.056375   -13108   -13108
0.0565   -13108   -13108
0.056625   -13108   -13108
0.05675   -13108   -13108
0.056875   -13108   -13108
0.057   -13108   -13108
0.057125   -13108   -13108
0.05725   -13108   -13108
0.057375   -13108   -13108
0.0575   -13108   -13108
0.057625   -13108   -13108
0.05775   -13108   -13108
0.057875   -13108   -13108
0.058   -13108   -13108
0.058125   -13108   -13108
0.05825   -13108   -13108
0.058375   -13108   -13108
0.0585   -13108   -13108
0.058625   -13108   -13108
0.05875   -13108   -13108
0.058875   -13108   -13108
0.059   -13108   -13108
0.059125   -13108   -13108
0.05925   -13108   -13108
0.059375   -13108   -13108
0.0595   -13108   -13108
0.059625   -13108   -13108
0.05975   -13108   -13108
0.059875   -13108   -13108
0.06   -13108   -13108
0.060125   -13108   -13108
0.06025   -13108   -13108
0.060375   -13108   -13108
0.0605   -13108   -13108
0.060625   -13108   -13108
0.06075   -13108   -13108
0.060875   -13108   -13108
0.061   -13108   -13108
0.061125   -13108   -13108
0.06125   -13108   -13108
0.061375   -13108   -13108
0.0615   -13108   -13108
0.061625   -13108   -13108
0.06175   -13108   -13108
0.061875   -13108   -13108
0.062   -13108   -13108
0.062125   -13108   -13108
0.06225   -13108   -13108
0.062375   -13108   -13108
